"","ResortName","Continent","Country","Altitude","Easy","Intermediate","Difficult","Adult","Child","Youth","Currency","Ski_resort_size","Variety","Liftsandcable.cars","Snowreliability","Slopepreparation","Environmental","Friendliness","Access_Park","Food","Accommodations","Families","Beginners","AdvancedSkiers","Snowparks","Cross_skiing"
"2","4-vallees-verbierla-tzoumaznendazveysonnazthyon","Europe","Switzerland",3330,107,202,103,75.7162759706827,38.3629131584792,64.6112221616492,"Swiss Franc",5,5,4,5,5,4,3,4,4,5,4,3,5,5,3
"8","aare","Europe","Sweden",1274,45,38,8,51.9004667358747,41.297145574782,0,"Swedish krona",4,4,3,5,4,4,4,4,4,4,5,4,4,5,3
"28","adelbodenlenk-chuenisbaerglisillerenhahnenmoosmetsch","Europe","Switzerland",2200,46,34,6,64.6112221616492,35.3342621196519,53.5061683526158,"Swiss Franc",4,5,5,4,5,4,5,3,5,4,4,5,5,4,4
"32","aela-maloja","Europe","Switzerland",2159,0.5,1.5,1,35.3342621196519,22.2101076180669,30.2865103882731,"Swiss Franc",1,3,1,3,2,3,3,2,2,1,3,2,3,1,5
"34","afriski-mountain-resort","Africa","Lesotho",3222,0.2,0.6,1,32.7931762792818,27.6920155247269,0,"South African rand",1,1,1,2,4,3,3,1,2,3,4,4,1,3,1
"70","alagna-valsesiagressoney-la-trinitechampolucfrachey-monterosa-ski","Europe","Italy",3275,23,94,15,50.1982246172094,35.0220171747972,44.3612217547431,"Euro",4,5,4,5,5,4,4,3,4,3,4,3,5,3,3
"77","aletsch-arena-riederalpbettmeralpfiesch-eggishorn","Europe","Switzerland",2869,42,50,12,60.5730207765461,30.2865103882731,51.4870676600642,"Swiss Franc",4,5,4,5,5,5,4,3,4,5,5,5,4,4,2
"78","alfaierlift-gschnitz","Europe","Austria",1350,0.3,0.2,0,0,0,0,"-",1,1,1,2,2,4,3,4,2,2,3,2,1,1,5
"88","alpe-cermis-cavalese","Europe","Italy",2250,10,9,5,56.0352274796756,38.5242188922769,0,"Euro",3,4,4,5,5,4,4,4,4,3,4,4,3,1,4
"92","alpe-dhuez","Europe","France",3330,70,130,50,61.2885300558951,50.1982246172094,54.8678269071823,"Euro",5,5,3,5,4,3,4,3,4,5,5,5,5,4,3
"95","alpe-di-siusi-seiser-alm","Europe","Italy",2220,14,45,1,63.039630914635,0,44.3612217547431,"Euro",3,4,4,4,5,4,4,3,4,5,5,5,2,5,5
"98","alpe-lusia-moenabellamonte","Europe","Italy",2340,12.9,10.6,4,56.0352274796756,0,38.5242188922769,"Euro",3,4,5,5,5,4,4,3,4,2,5,4,3,4,3
"106","alpine-meadows","North America","USA",2632,25,40,35,159,98,134,"US Dollar",3,5,4,5,5,3,4,3,3,1,4,4,5,5,1
"109","alpine-snowsports-aldershot","Europe","United Kingdom",111,0.1,0,0,0,0,0,"-",1,2,1,1,1,3,3,4,2,1,3,2,2,2,1
"121","alta-badia","Europe","Italy",2550,70,52,8,63.039630914635,0,44.3612217547431,"Euro",5,5,4,4,5,4,4,2,5,5,5,5,3,5,3
"123","altastenberg","Europe","Germany",800,4.1,2.7,4.1,29.185014312331,18.6784091598919,23.3480114498648,"Euro",2,3,2,2,3,3,3,3,3,3,3,4,2,1,4
"127","altenseelbach","Europe","Germany",342,0.2,0.2,0,0,0,0,"-",1,1,1,1,1,3,4,4,2,1,2,2,1,1,1
"148","am-ried-farchant","Europe","Germany",772,0.6,0,0,14.0088068699189,8.17180400745269,0,"Euro",1,1,1,2,3,3,3,5,1,1,3,3,1,1,3
"162","amneville-les-thermes-snowhall","Europe","France",280,0.7,0,0,81.7180400745269,60.7048297696485,0,"Euro",1,2,1,5,3,1,3,5,3,1,3,5,1,3,1
"173","ankogel-mallnitz","Europe","Austria",2636,2.8,5,5,54.2841266209357,28.0176137398378,28.0176137398378,"Euro",2,4,2,4,5,4,4,3,3,3,4,3,4,1,4
"197","arabba","Europe","Italy",2478,32,22,8,58.370028624662,40.8590200372634,0,"Euro",5,5,4,4,5,3,3,2,4,4,3,3,4,2,1
"200","arapahoe-basin","North America","USA",3790,40,25,40,100,52,85,"US Dollar",3,5,3,5,4,4,4,4,3,1,3,3,5,5,1
"203","arber","Europe","Germany",1456,4.5,4,3,38.5242188922769,29.185014312331,36.1894177472905,"Euro",2,3,4,4,4,4,4,3,4,2,5,5,3,3,4
"204","arcalis-ordino-vallnord","Europe","Andorra",2625,13,14,3,44.2444816974938,36.0726776900411,0,"Euro",3,4,4,5,4,4,4,2,3,1,4,4,5,3,1
"207","archenstadel-rinn","Europe","Austria",1004,1,0,0,16.3436080149054,11.0903054386858,0,"Euro",1,1,1,3,4,3,4,5,2,1,4,4,1,3,3
"226","arosa-lenzerheide","Europe","Switzerland",2865,111,87,27,75.7162759706827,25.2387586568942,50.4775173137884,"Swiss Franc",5,5,4,5,5,4,4,3,5,5,5,5,5,5,4
"253","aspen-highlands","North America","USA",3559,24.3,40.5,70.2,169,112,0,"US Dollar",4,5,4,5,4,4,5,2,4,4,2,3,5,2,3
"254","aspen-mountain","North America","USA",3418,0,49,54,169,112,0,"US Dollar",3,4,4,4,5,4,5,2,3,4,1,1,5,1,3
"267","auf-der-rieder-eschenlohe","Europe","Germany",700,0.5,0.2,0.3,8.17180400745269,4.66960228997296,5.8370028624662,"Euro",1,2,1,1,2,3,4,5,2,1,3,3,2,1,3
"270","auron-saint-etienne-de-tinee","Europe","France",2450,60,45,30,40.2753197510168,30.9361151710709,33.854616602304,"Euro",4,4,3,4,4,3,3,2,4,4,4,4,4,3,2
"282","axamer-lizum","Europe","Austria",2340,7,21,2,44.9449220409898,26.8502131673445,36.1894177472905,"Euro",3,4,3,4,5,4,4,4,4,3,3,4,5,4,2
"297","bad-gasteinbad-hofgastein-schlossalmangertalstubnerkogel","Europe","Austria",2300,30.6,52.8,2.6,60.7048297696485,30.3524148848243,46.6960228997296,"Euro",4,5,4,4,5,4,4,4,5,3,5,4,5,4,3
"299","bad-kleinkirchheimst-oswald","Europe","Austria",2055,18,77,8,54.8678269071823,27.4339134535912,44.3612217547431,"Euro",4,4,3,4,4,4,3,4,5,4,5,3,4,3,3
"321","balderschwang-hochschelpenriedberger-horn","Europe","Germany",1500,10.5,16,4.5,36.1894177472905,18.6784091598919,29.185014312331,"Euro",3,3,3,4,4,4,2,3,4,3,4,4,3,2,4
"338","bansko","Europe","Bulgaria",2560,20,24.5,3.7,34.6443015798399,23.8926217791999,31.0604083129599,"Bulgarian Lev",3,4,5,4,5,3,3,3,4,4,3,4,4,4,2
"340","baqueiraberet","Europe","Spain",2510,79,53,20,60.1211294834019,39.6916194647702,0,"Euro",5,5,4,5,4,3,4,3,4,4,5,5,4,4,3
"357","bawadi-mall-al-ain","Asia","United Arab Emirates",275,0.1,0,0,0,0,0,"-",1,1,1,1,1,2,3,5,2,1,3,3,1,1,1
"370","beaver-creek","North America","USA",3488,28.5,64.5,57,189,130,0,"US Dollar",4,5,4,5,5,3,5,4,4,5,5,5,5,5,3
"382","beitostoelen-skisenter","Europe","Norway",1107,9,3,0,49.0105985419347,37.9832138699994,0,"Norwegian krone",2,2,3,4,4,3,3,3,3,3,4,5,1,3,5
"387","belchen","Europe","Germany",1356,6,2,0,29.185014312331,17.5110085873986,0,"Euro",2,2,3,3,4,4,4,3,3,3,3,3,2,1,3
"394","bellwald","Europe","Switzerland",2558,9,21,6,51.4870676600642,36.3438124659277,46.4393159286854,"Swiss Franc",3,3,3,5,5,4,4,3,3,3,4,4,4,3,1
"397","belpiano-schoeneben-resia-reschen","Europe","Italy",2390,22,13,5,47.8634234722229,28.6013140260844,45.5286223272364,"Euro",3,4,5,5,5,4,5,3,4,2,5,4,4,5,3
"398","belvederecol-rodellaciampacbuffaure-canazeicampitelloalbapozza-di-fassa","Europe","Italy",2428,7.3,40.7,7.2,58.370028624662,0,40.8590200372634,"Euro",5,5,4,5,5,4,4,3,5,4,4,2,4,4,4
"410","bergeralm-steinach-am-brenner","Europe","Austria",2180,10,10,9,44.9449220409898,23.9317117361114,30.3524148848243,"Euro",3,4,4,4,5,4,4,4,3,2,4,3,3,1,5
"421","berwangbichlbachrinnen","Europe","Austria",1743,24.5,10,1.5,50.1982246172094,25.0991123086047,44.3612217547431,"Euro",3,3,4,4,4,4,4,4,4,4,5,5,2,2,4
"427","beuerberg","Europe","Germany",630,1,0,0,0,0,0,"-",1,1,1,2,3,2,3,4,1,1,3,3,1,1,1
"429","bialka-tatrzanska-kotelnicakaniowkabania","Europe","Poland",910,14.4,3.9,0,26.4520647172475,25.3832944256415,0,"Polish zloty",2,3,4,4,5,4,4,3,3,2,4,5,1,3,2
"432","bialy-potok","Europe","Poland",960,1,0,0,9.35174005155213,0,0,"Polish zloty",1,1,1,3,4,3,4,3,2,1,3,3,1,1,1
"436","biberwier-marienberg","Europe","Austria",1820,7.3,3.7,0,51.3656251897026,25.6828125948513,44.9449220409898,"Euro",2,3,3,4,4,4,4,4,4,3,4,4,2,2,4
"453","big-white","North America","Canada",2285,18.9,56.7,29.4,79.8814407264494,47.1680888099035,67.7090307109905,"Canadian Dollar",4,5,4,4,5,4,5,3,4,5,5,5,4,5,3
"469","bischofsreut","Europe","Germany",1000,0.5,0,0,9.92290486619255,6.42070314871282,0,"Euro",1,1,1,1,3,3,3,2,2,1,3,3,1,1,4
"486","blaesiberg-wiesensteig","Europe","Germany",761,2.6,1.2,0.4,22.1806108773716,18.6784091598919,18.6784091598919,"Euro",1,3,2,1,3,3,3,5,2,1,3,3,2,1,2
"487","blafjoell","Europe","Iceland",700,10,5,0,34.5322776131729,8.70402613811481,13.2452571666964,"Icelandic krona",2,3,3,4,4,4,3,3,2,1,3,4,2,3,4
"492","bleaml-alm-neubau-fichtelberg","Europe","Germany",850,0.3,0,0,15.1762074424121,11.6740057249324,0,"Euro",1,1,1,3,4,3,4,3,3,1,3,3,1,1,5
"524","bolton-valley","North America","USA",960,15,10,5,74,64,0,"US Dollar",3,4,2,4,4,4,4,4,2,3,3,4,3,5,3
"533","bormio-cima-bianca","Europe","Italy",3012,14,34,2,47.8634234722229,24.5154120223581,39.6916194647702,"Euro",3,4,4,5,4,3,4,1,3,3,4,3,4,3,2
"535","borovets","Europe","Bulgaria",2560,24,29,5,32.8523549463999,17.9194663343999,23.8926217791999,"Bulgarian Lev",3,4,3,3,3,2,3,3,2,3,3,3,4,2,2
"546","bottrop-alpincenter","Europe","Germany",113,0.4,0.2,0,60.7048297696485,40.8590200372634,0,"Euro",1,1,1,5,4,3,2,4,3,1,4,3,1,2,1
"555","bozi-dar-neklid","Europe","Czech Republic",1135,2.2,3.7,0.3,24.7081074038967,17.5202943409449,0,"Czech koruna",2,3,2,3,4,3,4,4,2,2,2,2,2,3,3
"568","brandnertal-brandbuerserberg","Europe","Austria",2000,22,30,3,55.4515271934289,33.2709163160574,0,"Euro",3,4,4,4,4,4,4,4,4,4,4,3,3,4,4
"574","brauneck-lenggrieswegscheid","Europe","Germany",1712,8,22,4,42.0264206097567,22.1806108773716,38.5242188922769,"Euro",3,4,3,3,4,4,4,4,4,2,5,4,3,1,4
"578","breckenridge","North America","USA",3914,28,60,65,164,107,0,"US Dollar",4,5,4,5,4,3,5,3,4,5,5,5,5,5,3
"591","breventflegere-chamonix","Europe","France",2525,11,25,20,60.1211294834019,51.1321450752039,0,"Euro",3,5,3,4,4,4,3,4,4,3,4,4,5,3,1
"597","brigelswaltensburgandiast","Europe","Switzerland",2418,13.5,33,3.5,56.5348193914431,30.2865103882731,48.4584166212369,"Swiss Franc",3,4,4,4,5,4,4,3,4,3,5,3,4,4,3
"633","buchensteinwand-pillersee-st-ulrich-am-pillerseest-jakob-in-haushochfilzen","Europe","Austria",1456,9.3,7.7,2.5,41.4427203235101,23.9317117361114,32.6872160298107,"Euro",2,3,3,4,4,3,3,3,3,3,5,3,3,1,5
"647","buerchentoerbel-moosalp","Europe","Switzerland",2550,5,15,5,44.4202152361338,30.2865103882731,37.3533628122035,"Swiss Franc",3,4,2,4,4,3,4,3,5,3,4,3,4,1,3
"663","burbach","Europe","Germany",520,0.6,0,0,15.1762074424121,11.6740057249324,0,"Euro",1,1,1,1,3,2,4,5,2,1,2,3,1,1,1
"666","burglift-stans","Europe","Austria",690,0.5,0,0,23.3480114498648,15.1762074424121,0,"Euro",1,2,1,3,4,4,4,5,3,3,3,3,1,3,2
"674","buttermilk-mountain","North America","USA",3018,11.9,13.3,8.8,169,112,0,"US Dollar",3,4,4,4,5,4,5,3,3,2,4,5,2,5,3
"706","canada-olympic-park-calgary","North America","Canada",1246,3.5,0.5,0,34.9880710381848,14.4471291370979,22.0548853967597,"Canadian Dollar",1,2,4,4,4,3,4,5,2,1,4,5,1,5,2
"721","carezza-ski","Europe","Italy",2337,19,16.2,4.8,51.9493254759492,21.0132103048783,38.5242188922769,"Euro",3,4,4,4,5,4,5,3,4,4,5,5,4,4,3
"733","castle-mountain","North America","Canada",2273,9,20,65,63.9051525811595,25.8663712828503,56.2973963214977,"Canadian Dollar",3,5,3,4,4,4,5,3,2,3,3,4,5,4,2
"820","chill-factore-manchester","Europe","United Kingdom",50,0.2,0,0,77.9084615191622,0,0,"UK Pound",1,1,1,5,3,1,2,4,3,1,3,3,1,1,1
"838","christlum-achenkirch","Europe","Austria",1800,6,16,5,51.3656251897026,26.8502131673445,0,"Euro",2,3,4,4,4,3,3,4,3,3,4,2,3,3,5
"899","cortina-dampezzo","Europe","Italy",2924,45,55,20,63.039630914635,44.3612217547431,57.2026280521688,"Euro",4,5,3,4,5,4,4,3,5,3,4,5,5,3,3
"901","corvatschfurtschellas","Europe","Switzerland",3303,13,89.3,17.7,79.7544773557857,26.5511741070527,53.203303248733,"Swiss Franc",4,5,3,5,5,4,4,3,4,3,3,3,5,5,5
"909","crans-montana","Europe","Switzerland",2927,55,70,15,69.658973893028,39.372463504755,52.49661800634,"Swiss Franc",4,5,3,4,4,3,3,3,4,4,4,3,4,5,3
"930","cypress-mountain","North America","Canada",1440,6.6,22,22.4,57.0581719474639,25.8663712828503,41.081883802174,"Canadian Dollar",3,4,4,5,4,3,4,3,3,1,3,4,4,5,3
"942","dachstein-glacier-dachsteingletscher","Europe","Austria",2700,0,4,1,56.0352274796756,28.0176137398378,42.0264206097567,"Euro",2,2,2,5,5,4,3,3,2,2,3,2,3,5,3
"943","dachstein-west-gosaurussbachannaberg","Europe","Austria",1620,15,33,3,51.0154050179546,21.596910591125,32.1035157435641,"Euro",4,4,4,4,4,4,4,4,5,4,5,3,4,4,4
"958","damuels-mellau","Europe","Austria",2050,29.7,48,1.7,58.370028624662,33.2709163160574,54.2841266209357,"Euro",4,4,5,5,5,4,4,3,4,4,5,4,5,4,3
"975","de-uithof","Europe","Netherlands",30,0.3,0,0,32.1035157435641,25.6828125948513,0,"Euro",1,1,1,5,3,2,3,5,3,1,3,3,1,3,1
"997","diavolezzalagalb","Europe","Switzerland",3006,0.3,21,10.7,67.6398732004765,22.5129727219496,45.1269004785269,"Swiss Franc",3,4,3,5,5,4,4,3,4,2,2,2,5,1,5
"1000","diedamskopf-schoppernau","Europe","Austria",2060,13,18,9,50.1982246172094,28.6013140260844,44.3612217547431,"Euro",3,4,4,4,4,3,4,3,3,3,5,3,4,4,4
"1005","disentis-3000","Europe","Switzerland",2833,20,30,10,56.5348193914431,28.2674096957215,42.4011145435823,"Swiss Franc",3,4,3,4,4,5,4,3,3,3,4,4,5,2,3
"1042","donnstetten-roemerstein","Europe","Germany",854,1,0,0,21.0132103048783,17.5110085873986,0,"Euro",1,1,2,3,4,3,3,4,2,1,3,4,1,1,3
"1043","donovaly-park-snow","Europe","Slovakia",1361,5,5.9,0.1,32.6872160298107,23.3480114498648,25.6828125948513,"Euro",2,3,3,4,4,4,3,4,3,4,5,4,2,4,3
"1104","ehrwalder-alm-ehrwald","Europe","Austria",1923,18.1,7.4,2,51.3656251897026,25.6828125948513,44.9449220409898,"Euro",3,3,5,4,4,4,3,4,4,2,5,5,3,4,4
"1131","elm-im-sernftal","Europe","Switzerland",2105,15,20,5,48.4584166212369,24.2292083106185,36.3438124659277,"Swiss Franc",3,4,3,4,5,3,5,4,4,3,4,4,4,3,3
"1170","espace-diamant-les-saisiesnotre-dame-de-bellecombepraz-sur-arlyflumetcrest-voland","Europe","France",2069,132,49,11,46.9295030142283,37.5902984342824,0,"Euro",5,5,3,4,4,4,4,4,4,4,5,5,4,3,4
"1190","fahlenscheid-olpe","Europe","Germany",593,1.2,0.8,0,23.3480114498648,18.6784091598919,0,"Euro",1,2,2,2,4,3,4,4,2,2,3,4,1,1,1
"1205","fanningberg","Europe","Austria",2115,11.1,5.8,7.1,47.8634234722229,23.9317117361114,35.0220171747972,"Euro",3,3,4,4,4,3,3,3,4,3,4,4,3,2,2
"1213","feldberg-seebuckgrafenmattfahl","Europe","Germany",1448,7,14,5,42.0264206097567,21.0132103048783,28.0176137398378,"Euro",3,3,4,3,4,4,3,3,3,3,4,5,3,4,4
"1216","feldthurns-velturno","Europe","Italy",1165,1,0.5,0,17.5110085873986,12.8414062974256,0,"Euro",1,2,1,3,4,3,4,4,2,1,2,3,1,1,1
"1219","fellhornkanzelwand-oberstdorfriezlern","Europe","Austria",1967,13,19,2,54.8678269071823,21.0132103048783,42.0264206097567,"Euro",3,4,4,4,5,4,3,4,4,3,4,3,4,5,5
"1223","fernie","North America","Canada",2134,42,58,42,79.8434019451511,31.9145375092815,60.0632356700303,"Canadian Dollar",4,5,3,4,5,3,5,4,4,4,4,4,5,4,3
"1224","feuerkogel-ebensee","Europe","Austria",1625,4,5,1,44.0110015829952,18.5616691026425,29.0682742550817,"Euro",2,3,3,4,4,3,3,4,4,3,4,5,3,2,2
"1225","fichtelberg-oberwiesenthal","Europe","Germany",1215,6.8,6.1,2.6,30.3524148848243,24.5154120223581,0,"Euro",2,3,3,3,4,3,4,3,3,4,4,3,2,4,4
"1242","flachauwagrainalpendorf-snow-space-salzburg","Europe","Austria",1980,30,81,4,60.1211294834019,30.3524148848243,44.9449220409898,"Euro",5,5,5,4,4,4,4,5,5,5,5,3,3,5,4
"1243","flachauwinklkleinarl-shuttleberg","Europe","Austria",1980,19,7,2,60.1211294834019,30.3524148848243,44.9449220409898,"Euro",3,3,5,4,4,3,4,5,4,4,4,3,3,5,3
"1244","fleckllift-warmensteinach","Europe","Germany",690,0.3,0,0,12.8414062974256,11.0903054386858,11.0903054386858,"Euro",1,1,1,2,4,4,4,4,2,1,3,3,1,1,4
"1249","flumserberg","Europe","Switzerland",2222,10,38,17,58.5539200839946,29.2769600419973,38.3629131584792,"Swiss Franc",4,4,4,4,5,4,4,4,4,3,4,3,5,4,3
"1253","folgariafiorentini","Europe","Italy",1850,36.4,32,5.6,45.5286223272364,24.5154120223581,32.6872160298107,"Euro",4,4,4,4,5,4,4,3,4,3,5,5,3,3,4
"1262","formigal","Europe","Spain",2251,47,70,20,52.5330257621958,42.0264206097567,0,"Euro",4,5,4,4,5,3,4,3,4,2,4,5,5,4,1
"1294","fuessener-joechle-graen","Europe","Austria",1821,3,5.5,0.5,43.1938211822499,26.2665128810979,35.0220171747972,"Euro",2,3,4,3,4,3,3,3,3,2,4,3,2,1,5
"1313","gaalaa","Europe","Norway",1148,13,5,1,45.3348036512896,35.5326839429027,0,"Norwegian krone",2,3,2,5,4,3,3,3,3,4,4,5,2,4,5
"1333","galtuer-silvapark","Europe","Austria",2300,6,25,12,46.6960228997296,27.4339134535912,27.4339134535912,"Euro",3,4,4,4,5,4,4,3,4,4,5,3,4,4,4
"1339","gargellen","Europe","Austria",2300,20.8,5.3,2,55.4515271934289,31.8700356290655,0,"Euro",3,4,4,4,4,4,4,3,4,4,4,5,4,2,1
"1340","garmisch-classic-garmisch-partenkirchen","Europe","Germany",2050,13.9,19.5,16,50.1982246172094,27.4339134535912,40.2753197510168,"Euro",3,4,4,3,4,4,4,4,4,2,4,3,4,3,2
"1343","gaustablikk-rjukan","Europe","Norway",1250,22,8,4,49.6232310237089,39.2084788335478,0,"Norwegian krone",3,4,3,5,4,4,3,2,2,3,3,5,4,4,5
"1346","gazprom-mountain-resort-laura-esto-sadok-sotschi","Russia","Southern Russia",1800,7.3,10.6,2.4,34.1382009644439,19.8477912583976,0,"Russian ruble",2,3,4,4,4,2,3,4,4,3,4,4,2,1,3
"1353","geilolia-kikut-geilo","Europe","Norway",1076,8,4,1.6,50.2358635054831,39.8211113153219,0,"Norwegian krone",2,3,4,5,5,3,3,2,4,4,5,5,2,4,5
"1354","geilosiden-geilo","Europe","Norway",1178,10,8,2.6,50.2358635054831,39.8211113153219,0,"Norwegian krone",2,4,3,5,5,4,3,2,3,4,3,3,3,5,5
"1356","geisskopf-bischofsmais","Europe","Germany",1116,1.8,5.3,0.9,28.0176137398378,18.6784091598919,0,"Euro",2,3,2,3,4,3,3,4,3,1,4,3,2,3,4
"1359","gemsstock-andermatt","Europe","Switzerland",2961,4,10,17,0,0,0,"-",3,4,3,5,4,3,3,4,2,3,2,2,5,1,3
"1366","gerlitzen","Europe","Austria",1911,10.5,27.8,3.3,53.7004263346891,26.8502131673445,43.1938211822499,"Euro",3,3,4,4,4,4,4,5,4,4,4,3,3,3,3
"1367","gerlossteinramsberg-hainzenberg","Europe","Austria",1836,1,8,1,60.7048297696485,27.3171733963418,48.5638638157188,"Euro",2,3,2,3,4,4,3,3,3,3,3,2,2,1,1
"1380","gitschberg-jochtal","Europe","Italy",2510,17.3,25.1,9.3,53.7004263346891,0,38.5242188922769,"Euro",3,4,4,4,5,4,4,4,5,4,5,4,4,4,3
"1400","glungezer-tulfes","Europe","Austria",2304,7,15.5,0.5,34.4383168885506,21.0132103048783,28.0176137398378,"Euro",2,4,2,3,4,4,4,4,4,2,3,3,3,4,3
"1419","golm","Europe","Austria",2110,13,12,1.5,55.4515271934289,32.1035157435641,0,"Euro",3,4,4,4,5,4,5,5,4,3,4,3,4,1,1
"1437","graechen","Europe","Switzerland",2864,9,33,2,56.5348193914431,33.3151614271004,45.4297655824096,"Swiss Franc",3,4,3,4,5,3,4,2,3,3,5,3,2,3,2
"1450","grand-tourmaletpic-du-midi-la-mongiebareges","Europe","France",2500,58,35,7,50.1982246172094,43.7775214684965,0,"Euro",4,4,4,4,4,3,4,3,3,4,4,5,4,3,1
"1454","grands-montets-argentiere-chamonix","Europe","France",3275,6,9,14,74.1299363533208,63.039630914635,0,"Euro",3,4,3,5,4,4,3,4,3,2,3,3,5,3,3
"1455","grandvalira-pas-de-la-casagrau-roigsoldeuel-tartercanilloencamp","Europe","Andorra",2640,100,77,33,57.2026280521688,40.2753197510168,52.5330257621958,"Euro",5,5,4,5,4,4,5,3,4,5,5,5,5,5,3
"1467","grebenzen-st-lambrecht","Europe","Austria",1870,2.9,9,0.3,40.8590200372634,23.3480114498648,32.6872160298107,"Euro",2,3,2,3,4,4,3,3,4,2,3,4,1,1,3
"1475","greising-deggendorf","Europe","Germany",870,0.5,0,0,19.8458097323851,16.3436080149054,0,"Euro",1,1,1,2,3,4,3,4,2,2,3,3,1,2,3
"1489","grossarltaldorfgastein","Europe","Austria",2033,25.5,43.1,1.5,60.1211294834019,30.3524148848243,45.5286223272364,"Euro",4,4,5,4,5,3,3,4,5,4,5,4,4,4,3
"1491","grosseckspeiereck-mauterndorfst-michael","Europe","Austria",2400,26,17,7,47.8634234722229,23.9317117361114,35.0220171747972,"Euro",3,4,4,4,5,3,4,4,4,2,5,4,3,1,4
"1494","grossglockner-heiligenblut","Europe","Austria",2989,20,34,1,51.3656251897026,25.6828125948513,40.8590200372634,"Euro",3,4,3,5,4,4,4,3,4,3,3,3,5,2,3
"1495","grossglockner-resort-kals-matrei","Europe","Austria",2422,8.5,22.5,6,54.2841266209357,28.0176137398378,28.0176137398378,"Euro",3,5,4,4,5,4,4,3,5,4,5,4,5,3,4
"1496","grouse-mountain","North America","Canada",1250,5.2,14.4,13.4,47.9288644358697,21.3017175270532,34.2349031684783,"Canadian Dollar",2,3,4,5,4,5,4,5,3,1,3,3,3,5,1
"1498","gruen-maibrunn-st-englmar","Europe","Germany",820,1.8,0,0,21.0132103048783,16.3436080149054,16.3436080149054,"Euro",1,1,2,3,4,3,3,4,2,2,3,3,1,2,4
"1509","gschwandtkopf-seefeld","Europe","Austria",1500,5,0,0,47.2797231859763,31.5198154573175,44.3612217547431,"Euro",2,2,2,4,5,3,4,4,4,3,4,4,2,1,5
"1547","hafjell","Europe","Norway",1030,33,7,4,52.6863934325798,42.8842737241929,0,"Norwegian krone",3,4,4,5,4,3,3,5,3,4,4,5,3,5,5
"1553","hahnenkamm-hoefenreutte","Europe","Austria",1900,5,9,2,42.0264206097567,25.6828125948513,33.854616602304,"Euro",2,3,4,4,4,4,4,4,3,2,3,3,3,2,4
"1554","haider-alm-st-valentin-auf-der-haide-san-valentino-alla-muta","Europe","Italy",2600,2,13,5,47.8634234722229,29.7687145985776,46.6960228997296,"Euro",2,3,3,4,5,3,3,3,2,3,3,2,3,1,4
"1568","halde-westerheim","Europe","Germany",820,2,0,0,18.6784091598919,15.1762074424121,0,"Euro",1,1,1,1,3,4,4,5,2,1,3,4,1,1,3
"1585","hanslmuehle-mauern","Europe","Germany",460,0.7,0.3,0,0,0,0,"-",1,2,1,1,2,3,3,4,2,1,3,3,1,1,1
"1592","harenda","Europe","Poland",997,2.1,1,0.9,25.3832944256415,24.0473315611341,0,"Polish zloty",1,3,3,3,4,3,3,3,3,1,2,3,2,2,1
"1617","hausberglift-waidring","Europe","Austria",900,1.5,0,0,31.5198154573175,16.3436080149054,0,"Euro",1,1,1,3,4,4,3,3,2,2,3,4,1,3,4
"1624","hawran-jurgow","Europe","Poland",1046,1.3,2.3,1,26.4520647172475,24.0473315611341,25.3832944256415,"Polish zloty",2,3,3,3,4,4,3,3,3,1,3,3,2,1,1
"1627","heavenly","North America","USA",3060,18,42,34,152,90,125,"US Dollar",4,5,4,5,5,4,4,3,4,4,4,4,5,5,1
"1628","hedelands-skicenter","Europe","Denmark",78,0.4,0,0.1,20.3678113376638,12.5340377462547,0,"Danish Krone",1,1,1,2,1,4,5,4,1,1,2,3,1,1,1
"1645","hempelsberggeiersberg-oberwarmensteinach","Europe","Germany",770,1.3,0.7,0,21.0132103048783,16.3436080149054,16.3436080149054,"Euro",1,2,1,3,4,3,4,4,3,2,2,3,1,3,4
"1646","hemsedal","Europe","Norway",1450,29.2,10.8,4.1,52.6863934325798,41.6590087606445,0,"Norwegian krone",3,5,4,5,5,3,3,3,4,4,5,4,5,5,4
"1660","hesselberg","Europe","Germany",610,0.4,0,0,11.6740057249324,9.33920457994593,0,"Euro",1,1,1,1,3,3,4,3,2,1,3,3,1,2,2
"1665","heutal-unken","Europe","Austria",1531,6,5,0,30.9361151710709,15.1762074424121,24.5154120223581,"Euro",2,2,2,4,4,3,3,3,3,2,3,2,1,1,4
"1697","hinterstoder-hoess","Europe","Austria",2000,12,18,10,50.781924903456,28.0176137398378,40.8590200372634,"Euro",3,4,4,4,4,4,4,4,4,4,5,4,4,4,3
"1698","hintertux-glacier-hintertuxer-gletscher","Europe","Austria",3250,14,35,11,60.7048297696485,27.4339134535912,48.4471237584695,"Euro",4,4,4,5,4,4,4,3,4,4,3,3,4,5,2
"1708","hirschberglifte-kreuth","Europe","Germany",1196,0.8,0.8,0.8,22.1806108773716,17.5110085873986,0,"Euro",1,2,1,3,3,3,3,3,2,1,4,3,2,2,3
"1710","hirtenteich-essingen-lauterburgaalen","Europe","Germany",690,2.5,1.5,0,23.3480114498648,14.0088068699189,18.6784091598919,"Euro",1,2,1,1,3,3,3,4,2,1,3,3,2,2,3
"1733","hochkoenig-maria-almdientenmuehlbach","Europe","Austria",1900,52,41,19,60.1211294834019,30.3524148848243,45.5286223272364,"Euro",4,5,5,4,5,4,4,4,5,4,5,4,4,5,3
"1734","hochkoessen-unterberghorn-koessen","Europe","Austria",1690,10,9,3,46.6960228997296,23.3480114498648,32.6872160298107,"Euro",2,3,3,3,4,3,4,4,3,2,4,4,3,1,5
"1739","hochoetz-oetz","Europe","Austria",2272,12,21,3,45.5286223272364,22.7643111636182,33.854616602304,"Euro",3,4,4,4,4,4,4,5,4,3,5,3,3,3,2
"1746","hochstein-lienz","Europe","Austria",1988,0.5,11.3,4.2,54.2841266209357,27.4339134535912,27.4339134535912,"Euro",2,3,3,3,4,4,4,3,3,2,3,2,3,1,1
"1750","hochzeiger-jerzens","Europe","Austria",2450,10,22,8,51.3656251897026,31.5198154573175,51.3656251897026,"Euro",3,4,5,4,4,4,5,3,4,4,5,4,4,3,2
"1761","hoernerbahn-bolsterlang","Europe","Germany",1665,6.6,6.4,1.8,44.3612217547431,20.4295100186317,34.4383168885506,"Euro",2,3,4,4,4,4,3,5,3,2,4,4,3,3,3
"1762","hoernle-bad-kohlgrub","Europe","Germany",1400,6,3,0,23.3480114498648,16.3436080149054,0,"Euro",2,2,2,1,3,3,3,3,2,2,3,3,1,1,3
"1767","hohe-bracht-lennestadt","Europe","Germany",580,0.3,0.3,0,11.6740057249324,0,0,"Euro",1,1,1,1,3,3,4,4,3,1,2,1,2,1,3
"1770","hohe-wand-wiese-vienna-high-hills","Europe","Austria",370,0.1,0.4,0,0,0,0,"-",1,2,1,3,4,3,3,5,2,1,4,2,1,1,1
"1783","hohsaas-saas-grund","Europe","Switzerland",3142,12,21.3,1.2,54.5157186988915,33.3151614271004,44.4202152361338,"Swiss Franc",3,4,4,5,5,4,4,3,3,3,4,4,3,3,3
"1828","hovden","Europe","Norway",1183,19.1,13.2,2.1,52.6863934325798,41.0463762788703,0,"Norwegian krone",3,3,3,5,5,3,3,3,3,2,4,5,3,5,5
"1848","hunau-boedefeld","Europe","Germany",810,4,0,0,29.0682742550817,20.896470247629,0,"Euro",1,1,1,3,4,3,3,4,2,1,2,4,1,1,3
"1850","hundseck-buehlertallifte","Europe","Germany",1002,1.2,0,0,23.3480114498648,17.5110085873986,0,"Euro",1,1,2,3,4,3,4,4,2,1,2,3,1,1,3
"1869","ice-mountain","Europe","Belgium",90,0.3,0,0,47.8634234722229,39.6916194647702,43.1938211822499,"Euro",1,1,1,5,4,1,3,4,3,1,2,3,1,3,1
"1875","idre-fjaell","Europe","Sweden",890,17,22,2,45.7617018531369,0,36.8325892964272,"Swedish krona",3,3,4,5,5,3,4,3,4,4,4,5,3,4,4
"1877","ifen","Europe","Austria",2030,10.6,6.2,2.2,54.8678269071823,21.0132103048783,42.0264206097567,"Euro",2,4,4,3,4,4,4,3,3,1,3,4,4,1,1
"1894","im-salzwinkel-zainingen-roemerstein","Europe","Germany",830,0.8,0,0,21.0132103048783,17.5110085873986,0,"Euro",1,1,2,1,4,3,4,4,2,1,4,4,1,4,2
"1913","ischglsamnaun-silvretta-arena","Europe","Austria",2872,47,142,49,61.8722303421418,35.6057174610438,0,"Euro",5,5,5,5,5,4,4,4,5,5,4,4,5,5,4
"1919","isola-2000","Europe","France",2603,75,35,10,40.2753197510168,30.9361151710709,33.854616602304,"Euro",4,4,3,4,4,3,5,2,4,5,4,4,4,3,1
"1939","jachymov-stred","Europe","Czech Republic",890,1.3,0.9,0.7,13.4771494930346,8.98476632868971,0,"Czech koruna",1,3,1,2,4,3,4,4,2,1,2,2,2,1,1
"1949","jakobshorn-davos-klosters","Europe","Switzerland",2590,25.5,13.2,2.5,66.6303228542007,26.24830900317,46.4393159286854,"Swiss Franc",3,4,4,5,5,4,3,2,4,4,4,4,5,5,4
"1960","jasna-nizke-tatry-chopok","Europe","Slovakia",2004,19.2,17.9,7.4,50.1982246172094,35.0220171747972,39.6916194647702,"Euro",3,4,4,4,5,3,4,4,5,4,5,4,5,3,2
"1977","jenner-koenigssee-schoenau-am-koenigssee","Europe","Germany",1800,3.6,7.4,0,36.8898580907864,19.6123296178864,30.0021947130763,"Euro",2,3,3,3,4,4,3,3,4,2,3,3,3,1,3
"2004","johanngeorgenstadt-kuelliggut","Europe","Germany",880,1.2,0.8,0,16.3436080149054,9.33920457994593,0,"Euro",1,2,1,2,3,3,4,3,2,1,2,3,1,1,3
"2017","jungholz","Europe","Austria",1500,7,3,0,35.6057174610438,11.6740057249324,23.3480114498648,"Euro",2,2,3,3,5,3,4,4,3,3,5,5,2,3,2
"2046","kaltenbach-hochzillertalhochfuegen-ski-optimal","Europe","Austria",2378,28.7,41.3,13,61.2885300558951,27.4339134535912,49.0308240447161,"Euro",4,5,5,5,5,4,4,5,5,5,5,5,5,4,3
"2047","kaltenbronn","Europe","Germany",958,0.6,0,0,23.3480114498648,0,0,"Euro",1,1,2,2,4,4,3,4,2,2,3,3,1,1,3
"2078","kapellenberg-st-englmar","Europe","Germany",880,0.3,0,0,16.3436080149054,0,0,"Euro",1,1,1,3,4,3,3,4,1,2,4,3,1,1,4
"2079","kappl","Europe","Austria",2690,10,25,5,47.2797231859763,29.7687145985776,0,"Euro",3,4,4,4,4,3,5,4,4,4,5,3,4,3,1
"2095","karwendel-bergbahn-zwoelferkopf-pertisau","Europe","Austria",1510,6,6,0,32.6872160298107,22.1806108773716,0,"Euro",2,2,2,3,3,4,3,4,2,3,4,4,2,2,5
"2100","kasprowy-wierch-zakopane","Europe","Poland",1987,3.5,11.5,0,34.7350344771936,26.4520647172475,0,"Polish zloty",2,4,3,4,4,5,4,2,3,1,1,1,4,1,1
"2105","katschberg","Europe","Austria",2220,10,50,10,53.1167260484425,26.8502131673445,44.3612217547431,"Euro",3,5,4,5,5,4,4,4,5,5,4,3,4,2,4
"2110","kaunertal-glacier-kaunertaler-gletscher","Europe","Austria",3108,13,5.1,2.7,51.3656251897026,32.6872160298107,46.6960228997296,"Euro",3,4,4,5,5,4,4,2,3,1,4,4,4,5,2
"2119","keilberg-klinovec","Europe","Czech Republic",1244,8.4,6.9,3.7,33.6928737325864,26.5050606696346,0,"Czech koruna",2,3,3,4,4,3,3,4,3,3,4,3,2,3,3
"2123","kelchsau","Europe","Austria",1605,6.8,4.1,0,30.3524148848243,15.1762074424121,0,"Euro",2,4,2,3,4,4,3,4,3,2,2,2,2,2,2
"2124","kellerjoch-schwaz","Europe","Austria",1887,5.5,2.4,2.1,35.0220171747972,21.0132103048783,25.6828125948513,"Euro",2,3,2,3,4,4,4,4,2,3,3,3,3,1,2
"2139","keystone","North America","USA",3651,25,65,45,159,92,0,"US Dollar",4,5,4,5,5,4,5,3,4,4,5,4,4,5,3
"2143","kicking-horse-golden","North America","Canada",2450,20,20,60,79.8434019451511,31.9145375092815,60.0632356700303,"Canadian Dollar",3,5,4,4,4,4,5,4,4,4,4,4,5,2,3
"2153","kimberley","North America","Canada",1982,15,35,30,60.8240112959965,24.3067812496196,45.6084987766728,"Canadian Dollar",3,4,3,4,5,4,5,3,3,4,4,5,4,4,3
"2159","kirburg","Europe","Germany",470,0.3,0,0,14.0088068699189,9.33920457994593,0,"Euro",1,1,1,1,3,2,4,3,3,1,2,2,1,1,1
"2161","kirchberglifte-kreuth","Europe","Germany",890,1,0,0,14.0088068699189,11.6740057249324,0,"Euro",1,1,1,1,3,3,4,3,3,2,4,3,1,1,3
"2162","kirchdorf","Europe","Austria",780,3,2,0,34.4383168885506,20.4295100186317,27.4339134535912,"Euro",2,2,3,3,3,3,4,3,2,2,4,3,1,1,5
"2186","kitzbuehelkirchberg-kitzski","Europe","Austria",2000,101,61,17,64.2070314871282,31.5198154573175,47.8634234722229,"Euro",5,5,5,5,5,4,4,4,5,5,5,5,5,5,5
"2187","kitzsteinhorn-kaprun","Europe","Austria",3029,13,25,3,59.5374291971553,29.185014312331,44.3612217547431,"Euro",3,4,5,5,5,5,4,3,4,2,3,4,5,5,3
"2193","klausberg-steinhaus-cadipietra","Europe","Italy",2510,14,14,4,50.781924903456,32.6872160298107,0,"Euro",3,4,4,5,5,4,4,3,4,4,5,4,4,5,3
"2194","klausenlift-mehlmeisel","Europe","Germany",815,0,0.7,0,21.0132103048783,15.1762074424121,0,"Euro",1,2,2,3,4,3,3,4,2,1,2,2,1,2,3
"2196","kleine-scheideggmaennlichen-grindelwaldwengen","Europe","Switzerland",2320,33,56,13,64.6112221616492,32.3056110808246,51.4870676600642,"Swiss Franc",4,5,4,4,5,4,4,4,4,4,5,4,5,1,3
"2240","kolbensattel-oberammergau","Europe","Germany",1276,7.4,0.6,0,33.854616602304,22.1806108773716,0,"Euro",2,2,2,3,4,4,5,4,3,2,4,5,1,3,4
"2292","kramsach","Europe","Austria",650,0.4,0,0,15.1762074424121,0,0,"Euro",1,1,1,3,4,3,3,5,2,2,3,4,1,1,2
"2297","kreischberg","Europe","Austria",2118,17,16,9,51.9493254759492,27.4339134535912,41.4427203235101,"Euro",3,4,4,4,5,4,4,3,4,3,5,4,4,4,3
"2305","kristberg-silbertal","Europe","Austria",1589,1.5,1.5,0,41.4427203235101,23.9317117361114,23.9317117361114,"Euro",2,2,2,3,5,4,4,4,3,3,4,3,2,1,4
"2310","kronplatz-plan-de-corones","Europe","Italy",2275,52,42,25,64.2070314871282,32.6872160298107,45.5286223272364,"Euro",4,5,5,5,5,4,4,4,5,4,5,4,4,4,5
"2326","kuehtai","Europe","Austria",2520,6,26.2,8.8,45.5286223272364,22.7643111636182,33.854616602304,"Euro",3,4,4,5,4,4,5,3,4,5,4,3,4,4,3
"2358","kvitfjell","Europe","Norway",1032,21.5,12.5,5,53.9116583961282,44.1095386877412,0,"Norwegian krone",3,4,3,5,5,4,3,4,4,4,4,4,4,4,5
"2394","la-plagne-paradiski","Europe","France",3167,139,59,27,60.7048297696485,49.0308240447161,0,"Euro",5,5,4,5,4,4,4,3,4,5,4,5,5,5,4
"2406","laaxflimsfalera","Europe","Switzerland",3018,88,81,19,78.74492700951,26.24830900317,52.49661800634,"Swiss Franc",5,5,4,5,4,4,5,3,5,4,5,4,5,5,3
"2412","lachtal","Europe","Austria",2222,7,16,2,47.8634234722229,25.0991123086047,38.5242188922769,"Euro",3,4,4,4,5,4,4,3,4,4,4,4,3,1,2
"2416","ladurns","Europe","Italy",2050,6.4,7.4,1.2,44.3612217547431,31.5198154573175,0,"Euro",2,3,5,4,5,4,3,4,4,3,4,3,3,1,3
"2431","lake-louise","North America","Canada",2637,35,62,42,79.1206651004832,29.6702494126812,60.1012744513286,"Canadian Dollar",4,5,4,5,5,4,5,4,4,1,4,5,5,5,3
"2439","landsberied","Europe","Germany",580,0.5,0,0,0,0,0,"-",1,1,1,1,1,2,3,4,1,1,3,3,1,1,1
"2460","latemar-obereggenpampeagopredazzo","Europe","Italy",2388,9,32,7,56.0352274796756,38.5242188922769,38.5242188922769,"Euro",3,4,5,5,5,4,4,3,5,4,5,4,4,5,4
"2461","laterns-gapfohl","Europe","Austria",1785,8,15,4,42.0264206097567,21.596910591125,36.1894177472905,"Euro",2,3,4,4,4,4,4,4,4,2,4,2,3,3,1
"2465","lauchernalp-loetschental","Europe","Switzerland",3111,20,17,18,55.5252690451673,29.2769600419973,48.4584166212369,"Swiss Franc",3,4,4,5,5,4,4,3,4,3,4,3,5,2,3
"2490","le-grand-massif-flaineles-carrozmorillonsamoenssixt","Europe","France",2476,135,95,35,54.8678269071823,41.2092402090114,0,"Euro",5,5,4,4,5,3,3,4,3,5,4,5,5,4,4
"2515","le-tourchet","Europe","France",1069,0.6,0,0,18.6784091598919,0,0,"Euro",1,1,1,3,4,4,3,5,1,2,3,3,1,1,1
"2528","lermoos-grubigstein","Europe","Austria",2100,12.8,12.6,1.9,51.3656251897026,25.6828125948513,44.9449220409898,"Euro",3,4,5,4,5,4,4,4,4,4,4,4,4,2,4
"2529","les-2-alpes","Europe","France",3523,110,56,34,58.370028624662,46.6960228997296,0,"Euro",5,5,4,5,4,3,4,2,5,4,5,5,5,5,3
"2530","les-3-vallees-val-thorensles-menuiresmeribelcourchevel","Europe","France",3230,312,216,72,71.2114349220877,56.9691479376702,0,"Euro",5,5,4,5,4,4,4,4,5,5,5,5,5,5,4
"2533","les-arcspeisey-vallandry-paradiski","Europe","France",3226,104,70,26,60.7048297696485,49.0308240447161,0,"Euro",5,5,4,5,3,3,4,3,3,4,4,5,5,4,4
"2544","les-houchessaint-gervais-prarionbellevue-chamonix","Europe","France",1900,25,25,5,50.781924903456,43.1938211822499,0,"Euro",3,4,3,4,4,4,3,5,4,3,4,4,3,4,3
"2555","les-planards","Europe","France",1242,1.5,1,0,21.596910591125,19.2621094461385,0,"Euro",1,2,2,3,4,4,3,5,2,2,4,4,1,1,1
"2559","les-portes-du-soleil-morzineavoriazles-getschatelmorginschampery","Europe","Switzerland",2254,310,210,60,60.7048297696485,45.5286223272364,54.8678269071823,"Euro",5,5,4,4,5,3,3,4,4,5,4,4,5,5,4
"2565","les-sybelles-le-corbierla-toussuireles-bottieresst-colomban-des-villardsst-sorlinst-jean-darves","Europe","France",2620,53,239,18.5,51.5991053042012,44.0110015829952,0,"Euro",5,5,3,4,4,4,4,3,4,4,4,5,4,4,3
"2572","levi","Europe","Finland",531,15.7,19.4,2.8,50.781924903456,31.5198154573175,50.781924903456,"Euro",3,4,3,5,5,4,4,4,3,5,5,5,3,5,5
"2586","lindvallenhoegfjaellet-saelen","Europe","Sweden",887,22,17,3,44.6455627835482,35.7164502268385,0,"Swedish krona",3,3,3,5,4,3,4,3,5,4,5,5,2,4,4
"2591","lipno","Europe","Czech Republic",900,9.2,2.1,0.5,33.6928737325864,22.4619158217243,27.4035373025036,"Czech koruna",2,2,4,3,4,2,3,3,3,3,5,5,1,4,3
"2604","livigno","Europe","Italy",2798,30,65,20,50.1982246172094,39.6916194647702,39.6916194647702,"Euro",4,5,4,5,5,4,4,1,4,5,5,4,5,5,3
"2618","lofer-loferer-alm-almenwelt-lofer","Europe","Austria",1670,32,12,2,49.0308240447161,24.5154120223581,37.9405186060303,"Euro",3,4,4,4,4,4,4,3,4,3,5,4,3,3,3
"2643","loser-altaussee","Europe","Austria",1770,18,12,3,47.8634234722229,24.5154120223581,41.4427203235101,"Euro",3,4,4,4,4,4,4,3,4,4,4,5,4,2,3
"2650","loveland","North America","USA",3871,12,38,43,75,32,0,"US Dollar",3,4,3,5,3,2,4,5,2,1,3,4,4,4,1
"2699","madonna-di-campigliopinzolofolgaridamarilleva","Europe","Italy",2504,50,67,33,60.7048297696485,30.3524148848243,42.0264206097567,"Euro",5,5,4,5,5,4,5,3,5,5,5,4,4,5,3
"2701","madrisa-davos-klosters","Europe","Switzerland",2611,5.9,23.6,18,59.5634704302704,29.2769600419973,41.3915641973065,"Swiss Franc",3,4,3,4,5,4,3,3,3,2,5,3,4,3,3
"2712","maiskogel-kaprun","Europe","Austria",1733,14,5,1,45.5286223272364,23.3480114498648,32.6872160298107,"Euro",2,3,4,4,4,3,3,3,4,3,4,4,2,2,4
"2724","malbun","Europe","Liechtenstein",2000,11,9,3,48.4584166212369,29.2769600419973,37.3533628122035,"Swiss Franc",2,3,4,4,4,4,4,4,3,4,4,4,3,3,3
"2736","mammoth-mountain","North America","USA",3369,18.4,48.5,22.9,159,64,130,"US Dollar",4,5,4,5,4,4,5,4,4,5,4,5,5,5,3
"2757","markbuchenpredigtstuhl-st-englmar","Europe","Germany",1024,4,0,0,23.3480114498648,17.5110085873986,0,"Euro",1,2,1,3,3,3,4,4,2,2,3,3,1,3,4
"2761","marmot-basin-jasper","North America","Canada",2410,26,26,39,72.2736844667876,25.8663712828503,57.8189475734301,"Canadian Dollar",3,5,4,5,4,5,4,4,3,1,4,5,5,4,1
"2793","mayrhofen-penkenahornrastkogeleggalm","Europe","Austria",2500,40,63,33,60.7048297696485,27.4339134535912,48.4471237584695,"Euro",5,5,5,5,4,4,4,4,4,4,5,5,5,5,3
"2807","megevesaint-gervais","Europe","France",2353,98,134,31,54.2841266209357,43.7775214684965,0,"Euro",5,5,3,4,4,3,4,4,4,4,5,5,5,5,3
"2808","mehliskopf","Europe","Germany",1000,0.5,0.5,0.5,29.185014312331,18.6784091598919,25.6828125948513,"Euro",1,1,2,3,3,3,3,3,2,1,4,4,1,2,3
"2811","meiringen-hasliberg","Europe","Switzerland",2433,20,34,6,57.5443697377188,28.2674096957215,46.4393159286854,"Swiss Franc",3,4,4,4,4,4,4,4,4,3,5,4,4,3,3
"2823","meran-2000","Europe","Italy",2350,12,25,3,47.8634234722229,36.7731180335371,43.1938211822499,"Euro",3,3,4,4,5,4,4,4,4,3,4,3,3,4,2
"2875","mitterdorf-almberg-mitterfirmiansreut","Europe","Germany",1139,2.5,2.5,1,26.8502131673445,18.6784091598919,18.6784091598919,"Euro",2,3,2,4,5,4,3,3,3,3,5,4,2,2,4
"2881","moelltal-glacier-moelltaler-gletscher","Europe","Austria",3122,5.2,7.2,5,54.2841266209357,28.0176137398378,28.0176137398378,"Euro",3,4,4,5,5,3,4,3,3,2,3,4,4,3,3
"2917","mont-blanc","North America","Canada",556,7,12,16,39.5603325502416,19.7801662751208,31.1918006646136,"Canadian Dollar",3,4,3,4,4,3,3,5,3,3,4,4,3,3,1
"2951","mont-saint-sauveur","North America","Canada",629,10,20,8,45.6389298017114,30.4234172823877,38.0311735420496,"Canadian Dollar",3,3,4,5,5,4,4,5,3,2,4,4,2,5,1
"2960","mont-tremblant","North America","Canada",875,16.6,25.2,37.1,75.3167869706523,42.6034350541064,50.2111913137682,"Canadian Dollar",4,5,4,4,5,3,5,5,4,5,4,4,4,5,3
"2968","montana-snowcenter","Europe","Netherlands",45,0.2,0,0,39.1079191785236,36.7731180335371,0,"Euro",1,1,1,5,3,1,3,5,2,2,3,3,1,3,1
"2976","monte-kaolino-hirschau","Europe","Germany",530,0,0,0.2,40.8590200372634,32.6872160298107,0,"Euro",1,1,1,1,3,4,4,4,2,2,2,1,2,1,1
"2982","monte-popolo-eben-im-pongau","Europe","Austria",1612,4,2,0,42.0264206097567,21.0132103048783,32.6872160298107,"Euro",2,3,3,4,4,4,3,5,3,2,4,3,2,3,3
"3048","mount-seymour","North America","Canada",1265,9,9,5,44.8857619320049,19.7801662751208,34.2349031684783,"Canadian Dollar",2,3,3,3,4,4,4,3,2,1,3,4,2,5,1
"3100","mt-norquay-banff","North America","Canada",2133,5.1,4.1,7.2,56.2973963214977,22.0624931530194,42.6034350541064,"Canadian Dollar",2,3,3,4,4,4,4,4,3,1,4,4,4,4,1
"3141","muttereralm-muttersgoetzens","Europe","Austria",1800,7,8,1,40.2753197510168,24.5154120223581,31.5198154573175,"Euro",2,4,4,4,4,4,4,5,3,2,4,4,2,1,2
"3148","myrkdalen","Europe","Norway",1060,13,12.5,4.5,51.4611284690314,0,39.2084788335478,"Norwegian krone",3,3,3,5,5,4,4,4,3,4,4,5,3,4,4
"3165","naeba-mt-naeba","Asia","Japan",1789,6,8,6,51.4888512059471,0,38.8424666992233,"Japanese Yen",3,4,5,4,4,3,5,3,3,3,4,3,4,5,1
"3182","nakiska","North America","Canada",2260,4.2,14.7,6.1,64.6278894258274,25.828332501552,48.6516012805375,"Canadian Dollar",3,4,4,5,5,4,4,4,3,1,4,5,4,4,1
"3199","nassfeld-hermagor","Europe","Austria",2002,30,69,11,54.8678269071823,28.0176137398378,44.3612217547431,"Euro",4,5,4,4,5,3,3,3,4,5,5,3,4,4,4
"3202","nauders-am-reschenpass-bergkastel","Europe","Austria",2740,24,34,13,47.8634234722229,29.7687145985776,46.6960228997296,"Euro",3,4,4,4,4,4,4,4,4,2,5,4,4,3,4
"3208","nebelhorn-oberstdorf","Europe","Germany",2224,2.8,5.1,4,54.8678269071823,21.0132103048783,42.0264206097567,"Euro",2,4,2,4,5,4,3,3,3,3,3,3,4,1,5
"3216","nesselwang-alpspitze-alpspitzbahn","Europe","Germany",1463,5.7,1.6,0,35.0220171747972,24.5154120223581,28.0176137398378,"Euro",2,3,4,3,4,3,3,5,4,2,4,5,2,3,3
"3223","neunerkoepfle-tannheim","Europe","Austria",1820,2.5,5,1,43.1938211822499,26.2665128810979,35.0220171747972,"Euro",2,3,3,3,4,3,3,3,3,3,4,3,2,1,5
"3226","neuss-jever-fun-ski-hall","Europe","Germany",110,0.3,0.1,0,45.5286223272364,33.854616602304,0,"Euro",1,2,3,5,5,2,3,5,5,3,4,4,1,3,1
"3270","nordkette-innsbruck","Europe","Austria",2256,0.5,13,0.4,40.2753197510168,24.1651918506101,36.3061578045398,"Euro",2,3,2,3,4,4,3,5,4,3,3,2,5,5,1
"3289","nosal-bystre","Europe","Poland",1186,1,0.2,0,20.0394429676117,0,0,"Polish zloty",1,2,1,3,4,3,2,3,2,1,3,4,2,1,1
"3296","novako-bozi-dar","Europe","Czech Republic",1090,0.5,0,0,13.0279111766001,8.08628969582074,0,"Czech koruna",1,1,1,3,3,3,3,4,2,2,4,4,1,1,3
"3326","oberaudorf-hocheck","Europe","Germany",900,3,4,1,28.0176137398378,16.3436080149054,24.5154120223581,"Euro",2,3,3,3,4,4,5,5,3,2,4,3,2,3,2
"3333","obergurgl-hochgurgl","Europe","Austria",3082,35,55,20,60.7048297696485,39.6916194647702,46.6960228997296,"Euro",4,5,5,5,4,3,4,3,5,5,4,5,5,4,3
"3339","oberjoch-bad-hindelang-iseler","Europe","Germany",1559,6,24,2,44.3612217547431,22.7643111636182,33.854616602304,"Euro",3,3,5,3,4,3,4,3,4,4,5,4,3,3,4
"3344","obersaxenmundaunval-lumnezia","Europe","Switzerland",2310,60,40,20,58.5539200839946,25.2387586568942,45.4297655824096,"Swiss Franc",4,5,3,3,4,4,4,4,4,3,4,4,5,4,3
"3346","obertauern","Europe","Austria",2313,61,35,4,53.1167260484425,26.2665128810979,39.6916194647702,"Euro",4,4,5,5,5,3,3,3,4,5,5,4,4,3,4
"3359","ochsenkopf","Europe","Germany",1024,2.4,2.3,0,23.9317117361114,19.8458097323851,21.596910591125,"Euro",2,3,3,3,4,3,4,4,3,3,4,5,1,2,5
"3363","oedberg-gmund-ostin","Europe","Germany",970,1,1,0,23.3480114498648,17.5110085873986,0,"Euro",1,2,1,3,3,3,3,3,2,1,3,3,1,2,2
"3372","ofterschwanggunzesried-ofterschwanger-horn","Europe","Germany",1405,3.7,9.8,2.5,44.3612217547431,20.4295100186317,34.4383168885506,"Euro",2,4,5,4,4,4,3,5,4,3,4,3,3,2,3
"3379","ohlstadt","Europe","Germany",730,0.3,0,0,0,0,0,"-",1,1,1,1,2,4,4,4,1,1,3,3,1,1,2
"3432","oslo-vinterpark-tryvann","Europe","Norway",531,5,2.6,2,52.6863934325798,41.6590087606445,0,"Norwegian krone",2,3,4,4,4,4,4,4,3,1,3,4,2,5,5
"3440","ostalb-aalen","Europe","Germany",680,1.2,0.8,0,23.3480114498648,14.0088068699189,18.6784091598919,"Euro",1,2,1,1,3,3,3,4,2,1,3,3,1,2,3
"3471","paganella-andalo","Europe","Italy",2125,9.6,22.5,1.2,47.8634234722229,24.5154120223581,33.854616602304,"Euro",3,4,5,5,5,3,3,4,4,4,5,4,3,4,2
"3476","palarinsal-la-massana-vallnord","Europe","Andorra",2560,31,24,8,44.3612217547431,36.1894177472905,0,"Euro",4,4,4,4,4,4,4,3,3,3,5,4,3,4,1
"3491","panorama","North America","Canada",2365,20,55,25,75.3167869706523,34.9956787944445,65.4267038330919,"Canadian Dollar",4,5,3,4,4,3,4,4,4,5,4,4,5,4,3
"3512","parsenn-davos-klosters","Europe","Switzerland",2844,17.3,60.5,17.7,70.6685242393038,28.2674096957215,49.4679669675127,"Swiss Franc",4,5,4,5,5,4,3,2,4,4,2,4,5,4,5
"3520","passo-dello-stelvio-stelvio-pass","Europe","Italy",3450,8,1,0,51.3656251897026,44.3612217547431,0,"Euro",2,3,2,5,4,3,5,1,3,3,2,3,2,3,3
"3529","passo-san-pellegrinofalcade","Europe","Italy",2513,20.8,38.7,8.1,57.2026280521688,0,38.5242188922769,"Euro",4,4,4,5,5,4,5,3,4,4,5,4,4,4,4
"3544","pejo","Europe","Italy",3000,5,12.8,2.2,44.3612217547431,22.1806108773716,31.5198154573175,"Euro",3,4,3,5,5,5,4,3,4,3,4,3,3,3,2
"3550","pendle-ski-club","Europe","United Kingdom",267,0.1,0,0,0,0,0,"-",1,1,1,1,1,3,2,4,2,1,2,3,1,1,1
"3575","pfelders-moos-in-passeier","Europe","Italy",2502,5,9,4,40.2753197510168,30.3524148848243,30.3524148848243,"Euro",2,3,5,5,5,4,4,3,3,4,4,3,3,2,3
"3577","pfulb-schopfloch-lenningen","Europe","Germany",770,0.5,0.4,0.1,14.0088068699189,11.6740057249324,0,"Euro",1,2,1,1,3,3,3,4,3,1,3,3,1,1,2
"3578","philippsreut","Europe","Germany",910,1,0,0,16.3436080149054,11.6740057249324,0,"Euro",1,1,1,1,4,3,3,3,1,1,3,3,1,1,2
"3630","pitztal-glacier-pitztaler-gletscher","Europe","Austria",3440,3.8,16.2,0.7,58.370028624662,33.854616602304,58.370028624662,"Euro",3,4,4,5,5,4,4,3,3,2,3,4,3,5,4
"3631","pizol-bad-ragazwangs","Europe","Switzerland",2250,14,21,8,55.5252690451673,27.7626345225836,38.3629131584792,"Swiss Franc",3,4,4,4,4,4,5,4,4,3,4,4,4,4,2
"3688","ponte-di-legnotonalepresena-glaciertemu-pontedilegno-tonale","Europe","Italy",3000,24,61,15,50.1982246172094,25.6828125948513,37.3568183197837,"Euro",4,5,4,5,5,4,4,3,4,4,5,4,5,4,3
"3690","pontresina","Europe","Switzerland",2332,1,0,0,32.3056110808246,20.1910069255154,27.2578593494458,"Swiss Franc",1,1,1,2,5,4,3,1,2,3,4,3,1,1,5
"3704","postwiesen-skidorf-neuastenberg","Europe","Germany",730,3,3.4,1.6,31.5198154573175,20.4295100186317,25.0991123086047,"Euro",2,3,2,3,4,3,3,3,3,3,3,4,2,4,3
"3752","proeller-skidreieck-st-englmar","Europe","Germany",1030,2,3.5,0.5,25.6828125948513,18.6784091598919,0,"Euro",2,3,2,3,4,3,4,4,3,2,3,3,2,2,4
"3774","pyhae","Europe","Finland",500,5,4.4,2,51.3656251897026,32.6872160298107,43.1938211822499,"Euro",2,3,4,5,5,4,3,4,4,4,3,3,3,4,5
"3792","rabenkopf-oberau","Europe","Germany",760,0.5,0.5,0,14.0088068699189,10.5066051524392,0,"Euro",1,2,1,2,4,3,2,5,2,1,3,3,1,2,2
"3796","racines-giovo-ratschings-jaufenmalga-calice-kalcheralm","Europe","Italy",2100,4,21,0,53.7004263346891,37.3568183197837,0,"Euro",3,4,5,5,5,4,4,4,4,3,5,3,3,4,3
"3800","radstadtaltenmarkt","Europe","Austria",1571,9.2,7.2,0.6,60.1211294834019,30.3524148848243,44.9449220409898,"Euro",2,4,5,4,5,4,5,5,5,3,5,4,2,3,5
"3819","ramsau-am-dachstein-rittisberg","Europe","Austria",1636,14,10,1,42.6101208960033,21.596910591125,32.1035157435641,"Euro",2,2,2,3,4,4,5,4,4,4,5,5,2,2,5
"3824","rangger-koepfl-oberperfuss","Europe","Austria",2000,7,4,2,34.4383168885506,17.5110085873986,27.4339134535912,"Euro",2,3,3,4,4,3,5,5,3,2,3,3,2,3,2
"3831","raudalen-alpinsenteret","Europe","Norway",1060,0,4,6,47.7853335783863,37.9832138699994,0,"Norwegian krone",2,2,2,4,3,4,3,3,2,1,1,1,3,2,5
"3836","rauriser-hochalmbahnen-rauris","Europe","Austria",2175,15,12.5,5,49.6145243309627,25.0991123086047,38.5242188922769,"Euro",3,4,4,4,4,5,4,3,4,3,4,4,3,3,3
"3863","reiserhang-gaissach","Europe","Germany",835,0.5,0.5,0,19.8458097323851,17.5110085873986,0,"Euro",1,2,1,3,4,3,4,4,3,1,3,4,1,1,1
"3864","reith-bei-kitzbuehel","Europe","Austria",865,1.7,0.1,0,0.0116740057249324,0.0116740057249324,0,"Euro",1,2,1,3,4,3,4,4,3,2,5,4,1,3,5
"3882","revelstoke-mountain-resort","North America","Canada",2225,16,18,21,75.3167869706523,29.6702494126812,59.3404988253624,"Canadian Dollar",3,5,4,4,4,4,4,4,4,3,3,4,5,3,1
"3895","riesneralm-donnersbachwald","Europe","Austria",1820,20,9,3,47.8634234722229,24.5154120223581,41.4427203235101,"Euro",3,4,4,4,4,4,4,3,4,3,5,5,4,2,3
"3898","rifflsee","Europe","Austria",2800,9.5,4.5,4.4,45.5286223272364,26.8502131673445,0,"Euro",3,4,4,4,4,4,2,3,3,4,3,3,4,1,4
"3905","rinderbergsaanerslochgrathorneggli-zweisimmensaanenmoeserschoenriedst-stephan","Europe","Switzerland",2011,64.3,20.6,4,63.6016718153734,35.3342621196519,51.4870676600642,"Swiss Franc",4,4,4,4,4,4,4,4,4,4,4,5,3,4,4
"3907","rinerhorn-davos-klosters","Europe","Switzerland",2490,15.6,23.1,12.8,55.5252690451673,22.2101076180669,39.372463504755,"Swiss Franc",3,4,2,4,5,4,4,2,3,2,3,3,3,2,4
"3928","rofan-maurach","Europe","Austria",1840,1,8,2,36.7731180335371,21.596910591125,0,"Euro",2,3,3,3,3,3,3,4,3,3,4,3,2,1,5
"3944","rosa-khutor","Russia","Southern Russia",2320,30,26,21,23.8173495100771,19.0538796080617,0,"Russian ruble",3,4,5,4,5,2,2,4,3,4,3,3,4,4,1
"3951","rosshuette-seefeld","Europe","Austria",2064,11.4,5.9,1,50.781924903456,35.6057174610438,47.8634234722229,"Euro",2,4,4,4,4,3,3,4,4,2,4,5,3,3,5
"3952","rosskopf-monte-cavallo-sterzing-vipiteno","Europe","Italy",2176,6.1,10.3,1,45.5286223272364,32.6872160298107,0,"Euro",2,3,3,4,4,4,4,5,4,2,3,2,2,2,1
"3975","rucphen-skidome","Europe","Netherlands",52,0.5,0,0,49.6145243309627,46.112322613483,0,"Euro",1,1,1,5,4,1,2,5,3,1,4,4,1,4,1
"3988","ruka","Europe","Finland",492,9.1,7,2.8,51.3656251897026,32.6872160298107,43.1938211822499,"Euro",3,4,3,5,4,4,4,4,4,4,5,5,2,5,5
"3994","rusel","Europe","Germany",917,1.1,1,1,0,0,0,"-",1,2,1,1,4,4,3,4,2,1,3,3,1,1,4
"4008","saalbach-hinterglemm-leogang-fieberbrunn-skicircus","Europe","Austria",2096,140,112,18,61.8722303421418,30.9361151710709,46.6960228997296,"Euro",5,5,5,4,4,4,4,3,5,5,5,5,5,5,4
"4012","saas-fee","Europe","Switzerland",3573,20,60,20,73.6971752781311,36.3438124659277,61.5825711228219,"Swiss Franc",4,5,3,5,4,5,3,2,4,5,4,3,4,4,3
"4030","sahnehang","Europe","Germany",836,0.8,0,0,21.0132103048783,15.1762074424121,0,"Euro",1,1,1,3,5,3,4,3,3,1,3,4,1,1,4
"4070","san-martino-di-castrozza","Europe","Italy",2357,16,32,12,52.5330257621958,36.1894177472905,0,"Euro",3,4,3,4,5,4,4,2,4,3,4,4,3,5,4
"4072","san-vito-di-cadore","Europe","Italy",1584,4,5,1,35.0220171747972,19.8458097323851,28.0176137398378,"Euro",2,3,2,4,4,4,4,3,4,2,4,3,2,1,2
"4076","sandboarding-dubai","Asia","United Arab Emirates",50,0,0.2,0,0,0,0,"-",1,1,1,1,1,3,5,4,3,1,4,2,1,1,1
"4077","sandboarding-mesaieed-doha","Asia","Qatar",50,0,0.1,0,0,0,0,"-",1,1,1,1,1,3,4,3,3,1,4,1,1,1,1
"4086","santa-caterina-valfurva","Europe","Italy",2880,1.4,15.5,3.6,47.8634234722229,0,40.8590200372634,"Euro",3,4,4,4,4,4,3,1,4,2,3,2,3,1,3
"4111","savognin","Europe","Switzerland",2713,32,38,3,57.5443697377188,29.2769600419973,50.4775173137884,"Swiss Franc",3,4,3,4,4,3,4,3,4,3,5,4,3,2,4
"4126","schetteregg-egg","Europe","Austria",1325,3,6,1,37.9405186060303,21.0132103048783,31.5198154573175,"Euro",2,3,2,3,4,4,3,4,3,2,5,4,2,3,1
"4133","schilthorn-muerrenlauterbrunnen","Europe","Switzerland",2970,19,23,9,64.6112221616492,32.3056110808246,51.4870676600642,"Swiss Franc",3,5,3,4,4,4,3,3,4,4,4,4,5,5,2
"4134","schladming-planaihochwurzenhauser-kaiblingreiteralm-4-berge-skischaukel","Europe","Austria",2015,46.4,68.3,8.3,60.1211294834019,30.3524148848243,44.9449220409898,"Euro",5,5,5,5,5,4,4,4,5,5,5,3,4,5,4
"4138","schlick-2000-fulpmes","Europe","Austria",2240,12,6.8,3.2,44.9449220409898,22.8810512208675,31.5198154573175,"Euro",3,4,4,4,4,4,4,4,4,2,4,5,3,2,2
"4152","schmittenhoehe-zell-am-see","Europe","Austria",2000,30,28,19,59.5374291971553,29.185014312331,44.3612217547431,"Euro",4,5,5,4,5,4,4,3,4,4,5,5,5,4,3
"4156","schneeberg-hagerlifte-mitterland-thiersee","Europe","Austria",1000,0.8,2.1,0.1,21.0132103048783,16.3436080149054,0,"Euro",1,2,1,3,4,4,3,4,3,2,3,3,1,1,3
"4167","schoeneck-skiwelt","Europe","Germany",760,0.6,1,0.6,25.6828125948513,14.0088068699189,21.0132103048783,"Euro",1,2,2,3,4,4,3,3,3,2,3,3,2,3,3
"4191","schwemmalm","Europe","Italy",2625,6.3,11.7,2.5,44.3612217547431,31.5198154573175,37.3568183197837,"Euro",3,3,4,5,5,4,4,3,4,2,4,3,4,1,3
"4194","scuol-motta-naluns","Europe","Switzerland",2785,27,32,11,57.5443697377188,29.2769600419973,47.4488662749611,"Swiss Franc",4,4,5,4,5,4,4,3,4,3,5,4,4,5,4
"4198","sedrun-oberalp","Europe","Switzerland",2300,10,35,5,0,0,0,"-",3,4,4,5,4,4,4,2,3,2,4,3,5,4,3
"4199","see","Europe","Austria",2456,8,25,8,47.2797231859763,29.7687145985776,0,"Euro",3,4,4,4,4,5,4,5,4,4,4,4,4,1,1
"4229","serfaus-fiss-ladis","Europe","Austria",2820,47,123,28,59.5374291971553,36.1894177472905,51.3656251897026,"Euro",5,5,5,5,4,4,4,4,5,4,5,4,5,5,4
"4232","serre-chevalier-brianconchantemerlevilleneuve-la-sallele-monetier-les-bains","Europe","France",2800,138,80,32.5,58.2532885674127,46.6960228997296,0,"Euro",5,5,4,5,5,4,4,3,4,4,4,5,5,5,4
"4293","sierra-at-tahoe","North America","USA",2698,12,23,11.5,104,43,94,"US Dollar",3,4,3,4,4,3,4,3,3,1,4,4,4,3,1
"4297","silberberg-bodenmais","Europe","Germany",955,2,0,0,23.3480114498648,18.6784091598919,0,"Euro",1,2,2,2,5,4,4,3,3,1,4,4,1,1,5
"4302","sillian-thurntaler-hochpustertal","Europe","Austria",2407,5.6,15,1.1,54.2841266209357,28.0176137398378,28.0176137398378,"Euro",3,4,4,4,5,4,4,3,3,3,4,4,3,3,5
"4305","silver-star","North America","Canada",1915,20,50,45,73.0344600927538,38.0387812983092,58.5797231993962,"Canadian Dollar",4,5,4,4,4,4,4,3,3,5,5,5,5,4,4
"4310","silvretta-montafon","Europe","Austria",2430,60,45,8,61.2885300558951,35.0220171747972,0,"Euro",5,5,4,5,5,4,4,4,5,3,5,4,5,5,3
"4338","skeikampen-gausdal","Europe","Norway",1123,8,11,2,42.8842737241929,39.2084788335478,0,"Norwegian krone",2,3,4,5,5,3,3,3,3,4,4,4,2,4,5
"4348","ski-dubai-mall-of-the-emirates","Asia","United Arab Emirates",100,1,0.3,0.2,84.3993975516552,77.5929945232959,0,"United Arab Emerites",1,2,3,5,4,1,3,5,4,3,4,4,2,3,1
"4352","ski-jewel-alpbachtal-wildschoenau","Europe","Austria",2025,25.9,53.7,13.5,53.1167260484425,26.2665128810979,42.6101208960033,"Euro",4,4,4,4,5,4,4,5,4,4,5,4,4,4,4
"4375","skiwelt-wilder-kaiser-brixental","Europe","Austria",1957,122,129,33,57.2026280521688,28.6013140260844,43.1938211822499,"Euro",5,5,5,4,5,5,4,5,5,4,5,5,5,5,5
"4380","sky-resort-ulaanbaatar","Asia","Mongolia",1596,3,2,1,28.4738818748343,20.6896551752393,0,"Mongolian togrog",2,2,3,4,5,3,5,4,2,1,3,4,2,1,2
"4406","snow-arena-druskininkai","Europe","Lithuania",163,1.2,0,0,33.854616602304,22.1806108773716,28.0176137398378,"Euro",1,2,3,5,3,1,2,4,4,1,3,4,1,4,1
"4411","snow-dome-bispingen","Europe","Germany",122,0.3,0,0,43.1938211822499,26.8502131673445,0,"Euro",1,1,4,5,5,2,4,5,4,2,4,4,1,4,1
"4431","snow-valley-peer","Europe","Belgium",102,0.3,0.1,0,44.3612217547431,38.5242188922769,0,"Euro",1,2,1,5,4,1,3,4,3,1,3,4,1,4,1
"4443","snowmass","North America","USA",3813,14.2,111,111,169,112,0,"US Dollar",5,5,4,5,5,4,5,2,4,5,5,4,5,5,3
"4446","snowplanet","Europe","Netherlands",30,0.3,0,0,42.6101208960033,42.6101208960033,0,"Euro",1,1,1,5,2,1,3,5,3,1,3,4,1,3,1
"4452","snowworld-landgraaf","Europe","Netherlands",210,0.7,0.5,0.3,52.5330257621958,43.7775214684965,0,"Euro",1,2,3,5,5,3,3,4,4,3,4,4,1,4,1
"4453","snowworld-zoetermeer","Europe","Netherlands",80,0.4,0.3,0,52.5330257621958,43.7775214684965,0,"Euro",1,2,1,5,3,1,3,5,4,1,4,4,1,3,1
"4456","snozone-milton-keynes","Europe","United Kingdom",141,0.5,0,0,66.0109151075071,52.8060911212084,0,"UK Pound",1,1,1,5,4,1,4,4,3,1,3,4,1,3,1
"4458","soelden","Europe","Austria",3340,70.2,44.6,29.4,61.8722303421418,33.854616602304,49.0308240447161,"Euro",5,5,5,5,5,4,4,4,5,5,4,4,5,4,3
"4459","soellereck-oberstdorf","Europe","Germany",1450,7.2,6.2,0,41.4427203235101,21.0132103048783,35.0220171747972,"Euro",2,3,3,3,4,4,3,3,4,3,5,4,1,3,5
"4488","sonnenkopf-kloesterle","Europe","Austria",2300,12.8,15.9,0.8,49.0308240447161,28.0176137398378,39.6916194647702,"Euro",3,4,3,4,3,4,4,5,3,1,4,5,4,2,3
"4510","speikboden-sand-in-taufers-campo-tures","Europe","Italy",2400,21,6,11,50.781924903456,32.6872160298107,0,"Euro",3,4,5,5,5,4,4,3,4,2,4,4,4,4,3
"4515","spieljoch-fuegen","Europe","Austria",2037,3.6,14.8,2.7,61.2885300558951,27.4339134535912,49.0308240447161,"Euro",2,4,4,4,5,4,4,5,4,4,4,3,3,3,2
"4518","spindleruv-mlyn","Europe","Czech Republic",1235,7.2,14.7,3.7,39.9822101626692,27.8527756189381,31.8959204668485,"Czech koruna",3,3,4,4,4,5,4,3,4,3,4,4,2,4,4
"4522","spitzingsee-tegernsee","Europe","Germany",1580,8.5,7.5,4,40.8590200372634,19.8458097323851,37.3568183197837,"Euro",3,3,4,3,4,4,4,3,4,3,4,3,3,3,4
"4523","spluegen-tambo","Europe","Switzerland",2215,12,11,7,50.4775173137884,0,35.3342621196519,"Swiss Franc",3,4,4,4,4,3,3,4,3,2,4,3,4,2,4
"4533","squaw-valley","North America","USA",2760,25,45,30,129,78,112,"US Dollar",4,5,4,4,4,3,4,3,3,4,4,5,5,5,3
"4536","st-antonst-christophstubenlechzuerswarthschroecken-ski-arlberg","Europe","Austria",2811,132,123,50,61.8722303421418,37.3568183197837,56.0352274796756,"Euro",5,5,5,5,5,4,4,4,5,5,5,5,5,4,4
"4541","st-jakob-im-defereggental-brunnalm","Europe","Austria",2525,4.7,11.1,1.2,54.2841266209357,28.0176137398378,28.0176137398378,"Euro",3,4,4,5,5,4,4,2,3,3,4,4,3,4,4
"4545","st-johann-in-tiroloberndorf-harschbichl","Europe","Austria",1604,16,24,3,50.781924903456,25.6828125948513,40.8590200372634,"Euro",3,4,3,4,5,3,4,4,5,4,5,4,3,3,5
"4550","st-moritz-corviglia","Europe","Switzerland",3057,42,79,34,79.7544773557857,26.5511741070527,53.203303248733,"Swiss Franc",5,5,5,5,5,5,4,3,5,4,4,4,5,4,5
"4575","steckenberg-unterammergau","Europe","Germany",1050,1.5,5,1.5,21.0132103048783,15.1762074424121,0,"Euro",2,3,1,3,4,4,3,4,3,1,3,3,2,2,4
"4582","steinplattewinklmoosalm-waidringreit-im-winkl","Europe","Austria",1860,18,22,2,52.5330257621958,26.8502131673445,39.6916194647702,"Euro",3,4,5,4,5,4,4,4,4,3,3,5,3,4,5
"4592","sternstein-bad-leonfelden","Europe","Austria",1102,1,4,0,36.1894177472905,22.1806108773716,32.6872160298107,"Euro",2,2,4,3,4,3,3,3,2,2,3,3,1,1,2
"4597","stinesser-lifte-fischen-i-allgaeu","Europe","Germany",891,0.6,0.4,0,22.7643111636182,16.3436080149054,0,"Euro",1,2,1,3,4,4,3,5,2,2,4,3,1,1,3
"4622","stowe","North America","USA",1116,20,42,8,131,111,0,"US Dollar",3,5,4,4,5,5,4,4,4,5,4,5,4,5,3
"4634","strbske-pleso","Europe","Slovakia",1840,2.7,5.6,0,39.6916194647702,28.0176137398378,31.5198154573175,"Euro",2,3,3,4,4,4,3,4,3,2,4,3,1,3,3
"4642","stubai-glacier-stubaier-gletscher","Europe","Austria",3212,19,15,4,54.8678269071823,27.4339134535912,35.7224575182932,"Euro",3,5,4,5,4,4,4,3,4,2,5,5,4,5,2
"4648","sudelfeld-bayrischzell","Europe","Germany",1563,5,23,3,44.3612217547431,21.0132103048783,37.3568183197837,"Euro",3,4,4,3,4,4,5,3,4,3,4,4,3,4,4
"4661","sulden-am-ortler-solda-allortles","Europe","Italy",3250,17,13,14,47.8634234722229,29.7687145985776,46.6960228997296,"Euro",3,4,4,5,4,4,4,2,4,3,4,4,4,3,3
"4676","sun-peaks","North America","Canada",2082,13.5,78,43.5,72.2736844667876,36.5172300463769,57.8189475734301,"Canadian Dollar",4,5,4,5,4,4,5,3,4,5,4,5,5,5,4
"4694","sunshine-village","North America","Canada",2730,25,50,34,82.9245432303142,31.9525762905798,64.6659282071257,"Canadian Dollar",4,5,4,4,4,4,5,4,4,2,4,5,5,5,1
"4722","szczyrk-mountain-resort","Europe","Poland",1257,22.4,9.8,4.4,26.4520647172475,18.4362875302028,21.1082132592177,"Polish zloty",3,3,5,4,5,4,5,4,3,3,3,4,2,1,1
"4731","szymoszkowa","Europe","Poland",1126,2,2,0,26.719257290149,25.3832944256415,0,"Polish zloty",1,2,4,4,5,3,4,3,3,3,2,3,1,1,1
"4769","tandaadalenhundfjaellet-saelen","Europe","Sweden",872,18,15,12,44.6455627835482,35.7164502268385,0,"Swedish krona",3,3,3,5,4,4,4,3,4,4,5,5,3,5,4
"4785","tatranska-lomnica","Europe","Slovakia",2190,5.4,5.2,1.2,45.5286223272364,31.5198154573175,36.1894177472905,"Euro",2,3,4,4,5,4,4,4,3,2,4,5,3,2,2
"4789","tauplitz-bad-mitterndorf","Europe","Austria",1965,18,19,6,47.8634234722229,24.5154120223581,41.4427203235101,"Euro",3,4,4,5,5,4,4,3,4,4,4,4,5,1,5
"4802","telluride","North America","USA",3815,6.7,51.7,29.8,133,79,0,"US Dollar",4,5,4,5,5,4,5,3,5,5,4,5,5,5,4
"4819","terneuzen-skidome","Europe","Netherlands",25,0.3,0,0,49.6145243309627,46.112322613483,0,"Euro",1,1,1,5,4,1,2,5,3,1,3,4,1,3,1
"4841","the-snow-centre-hemel-hempstead","Europe","United Kingdom",146,0.3,0,0,46.3489321919083,38.0298930805402,0,"UK Pound",1,1,1,5,4,1,4,5,3,1,3,4,1,1,1
"4848","three-peaks-dolomites-helmstiergartenrotwandkreuzbergpass","Europe","Italy",2200,17.3,39.2,18.5,61.8722303421418,43.1938211822499,0,"Euro",3,5,4,4,5,4,4,3,4,4,4,3,4,3,5
"4857","tignesval-disere","Europe","France",3456,170,78,52,66.5418326321147,53.7004263346891,66.5418326321147,"Euro",5,5,4,5,5,4,5,3,5,5,5,5,5,5,4
"4863","tirolina-haltjochlift-hinterthiersee","Europe","Austria",1077,2,1.2,0.8,21.0132103048783,16.3436080149054,0,"Euro",1,2,2,3,4,4,4,4,2,3,3,2,2,1,3
"4865","titlis-engelberg","Europe","Switzerland",3020,19,37.5,9.5,65.620772507925,26.24830900317,46.4393159286854,"Swiss Franc",4,5,4,5,4,4,4,3,4,3,3,3,5,3,4
"4876","todtnauberg","Europe","Germany",1400,0,13,0,35.0220171747972,19.8458097323851,0,"Euro",2,2,2,3,3,3,4,3,3,3,3,3,2,2,4
"4880","toggenburg-wildhausunterwasseralt-st-johann","Europe","Switzerland",2262,10,45,5,59.5634704302704,27.2578593494458,51.4870676600642,"Swiss Franc",4,4,4,4,4,4,4,4,4,3,5,3,4,4,4
"4898","torrent-leukerbad","Europe","Switzerland",2610,3.5,26.9,16.8,55.5252690451673,35.3342621196519,45.4297655824096,"Swiss Franc",3,4,3,4,4,3,3,2,3,3,3,3,3,2,3
"4920","trins","Europe","Austria",1268,1,0,0,13.4251065836723,8.75550429369931,12.257706011179,"Euro",1,1,1,3,4,4,4,4,2,1,4,4,1,1,5
"4933","trysil","Europe","Norway",1100,33,18,20,56.9748208049991,7.3515897812902,45.3348036512896,"Norwegian krone",4,4,4,5,4,4,3,3,4,5,5,5,4,5,5
"4964","turracher-hoehe","Europe","Austria",2205,14,24.5,3.5,53.7004263346891,26.2665128810979,43.1938211822499,"Euro",3,4,5,5,5,4,5,3,4,5,5,4,3,5,4
"5007","unternberg-ruhpolding","Europe","Germany",1417,1.5,1,0,28.0176137398378,21.0132103048783,0,"Euro",2,2,2,3,4,4,3,4,3,2,3,3,2,1,5
"5031","vail","North America","USA",3433,57,84,93,169,117,0,"US Dollar",5,5,4,5,5,4,5,4,4,5,5,4,5,5,3
"5042","val-gardena-groeden","Europe","Italy",2518,52,105,18,63.039630914635,0,44.3612217547431,"Euro",5,5,5,5,5,4,5,3,5,5,5,4,4,5,5
"5048","val-senales-glacier-schnalstaler-gletscher","Europe","Italy",3212,8,7.6,11.6,52.5330257621958,31.5198154573175,44.9449220409898,"Euro",3,4,3,5,5,5,3,3,4,4,4,3,4,2,3
"5084","vals-3000-dachberg","Europe","Switzerland",2941,5,15,5,49.4679669675127,25.2387586568942,37.3533628122035,"Swiss Franc",3,3,2,4,4,4,4,3,3,2,4,3,4,1,2
"5106","vemdalsskalet","Europe","Sweden",946,5,8,5,44.6455627835482,35.7164502268385,0,"Swedish krona",2,3,4,5,4,3,3,3,4,4,4,5,3,4,3
"5108","venet-landeckzamsfliess","Europe","Austria",2212,6,15,1,44.3612217547431,26.2665128810979,35.0220171747972,"Euro",3,3,3,4,5,4,5,5,4,3,4,3,3,3,1
"5122","via-lattea-sestrieresauze-doulxsan-sicarioclavieremontgenevre","Europe","Italy",2749,96,220,84,56.0352274796756,0,0,"Euro",5,5,4,4,5,3,4,3,4,5,4,5,5,4,4
"5128","vigiljoch-monte-san-vigilio-lana","Europe","Italy",1814,1.4,2,0,17.5110085873986,10.5066051524392,0,"Euro",2,2,2,2,4,5,5,5,4,3,2,3,1,1,1
"5196","walmendingerhornheuberg-mittelberghirschegg","Europe","Austria",1946,19.5,11.9,2.3,54.8678269071823,21.0132103048783,42.0264206097567,"Euro",3,3,3,4,4,4,3,3,4,3,4,4,3,2,4
"5237","werfenweng","Europe","Austria",1834,11,15,1,47.2797231859763,25.0991123086047,42.6101208960033,"Euro",3,3,3,4,4,4,4,5,3,4,4,4,2,3,3
"5242","wetterstein-lifts-wettersteinbahnen-ehrwald","Europe","Austria",1530,15,5,3,51.3656251897026,25.6828125948513,44.9449220409898,"Euro",2,3,4,3,4,4,4,4,4,3,5,4,2,3,4
"5248","whistler-blackcomb","North America","Canada",2284,40,110,50,105.7478120093,53.2542938176329,90.532299489976,"Canadian Dollar",5,5,5,5,5,4,5,3,4,5,5,5,5,5,3
"5254","whiteface-lake-placid","North America","USA",1340,7,15,13,94,58,74,"US Dollar",3,5,3,4,5,3,4,3,3,1,4,4,4,5,4
"5269","wildenthal","Europe","Germany",780,0.3,0,0,9.33920457994593,0,0,"Euro",1,1,1,1,3,3,3,2,2,1,2,2,1,1,3
"5273","wildkogel-neukirchenbramberg","Europe","Austria",2150,29,25,10,52.5330257621958,25.6828125948513,42.6101208960033,"Euro",3,4,5,5,5,5,5,3,5,4,5,5,4,2,4
"5278","willingen-ettelsberg","Europe","Germany",838,7,9,0,32.6872160298107,21.0132103048783,0,"Euro",2,3,3,2,3,3,4,4,3,3,4,4,2,2,4
"5289","winter-park-resort","North America","USA",3676,11,53,79,159,99,0,"US Dollar",4,5,4,5,4,4,5,3,4,4,4,5,5,5,2
"5291","winterberg-skiliftkarussell","Europe","Germany",820,14,12,1.5,40.8590200372634,28.0176137398378,0,"Euro",2,3,4,3,4,3,3,3,3,3,4,4,2,2,3
"5304","wissen","Europe","Germany",267,0.7,0.3,0,16.3436080149054,16.3436080149054,0,"Euro",1,1,1,2,3,3,4,2,3,1,3,3,1,1,1
"5305","witow","Europe","Poland",998,2,0,0,25.3832944256415,24.0473315611341,0,"Polish zloty",1,1,3,3,4,4,3,4,3,1,3,4,1,2,1
"5324","wurmberg-braunlage","Europe","Germany",970,10,1.3,0.5,37.3568183197837,18.6784091598919,28.0176137398378,"Euro",2,2,3,2,3,3,3,3,3,2,3,4,2,2,3
"5326","wurzeralm-spital-am-pyhrn","Europe","Austria",1870,10,10,2,47.2797231859763,26.2665128810979,37.9405186060303,"Euro",3,3,3,4,4,4,4,5,3,2,4,3,3,2,4
"5364","yllaes","Europe","Finland",718,21,28,6,50.781924903456,31.5198154573175,0,"Euro",3,4,3,5,5,3,4,4,4,4,4,4,3,4,5
"5403","zahmer-kaiser-walchsee","Europe","Austria",1200,11,2,0,35.0220171747972,17.5110085873986,31.5198154573175,"Euro",2,3,2,3,4,3,4,5,4,3,5,4,1,1,5
"5416","zauberberg-semmering","Europe","Austria",1350,6.7,6.5,0.8,40.8590200372634,20.4295100186317,36.7731180335371,"Euro",2,3,3,3,4,4,3,5,3,3,3,3,2,4,2
"5417","zauchenseeflachauwinkl","Europe","Austria",2176,23.5,16.2,4.3,60.1211294834019,30.3524148848243,44.9449220409898,"Euro",3,4,5,5,4,4,4,5,4,4,4,5,4,2,3
"5430","zermattbreuil-cerviniavaltournenche-matterhorn","Europe","Switzerland",3899,75,220,27,92.8786318573707,46.4393159286854,78.74492700951,"Swiss Franc",5,5,4,5,5,5,4,2,5,5,4,4,5,4,3
"5431","zettersfeld-lienz","Europe","Austria",2278,7.9,11.5,1.6,54.2841266209357,27.4339134535912,27.4339134535912,"Euro",3,3,4,4,5,4,4,3,4,3,4,4,3,2,2
"5445","zillertal-arena-zell-am-zillergerloskoenigsleitenhochkrimml","Europe","Austria",2500,43,89,11,60.7048297696485,27.3171733963418,48.5638638157188,"Euro",5,5,5,5,4,4,4,4,5,5,5,4,5,5,4
"5462","zugspitze","Europe","Germany",2720,7,13,0,52.5330257621958,27.4339134535912,42.0264206097567,"Euro",2,3,3,4,4,4,3,4,4,2,2,4,3,1,1
"5464","zuoz-pizzetalbanas","Europe","Switzerland",2465,9,3,3,56.5348193914431,26.24830900317,42.4011145435823,"Swiss Franc",3,3,3,4,4,4,3,2,2,3,4,4,3,3,5
